q
1.0 1.0 0 rg
9.00 783.00 594 1.00 re
9.00 782.00 593 1.00 re
9.00 781.00 592 1.00 re
9.00 780.00 591 1.00 re
9.00 779.00 590 1.00 re
9.00 778.00 590 1.00 re
9.00 777.00 589 1.00 re
9.00 776.00 588 1.00 re
9.00 775.00 587 1.00 re
9.00 774.00 587 1.00 re
9.00 773.00 586 1.00 re
9.00 772.00 585 1.00 re
9.00 771.00 584 1.00 re
9.00 770.00 584 1.00 re
9.00 769.00 583 1.00 re
9.00 768.00 582 1.00 re
9.00 767.00 581 1.00 re
9.00 766.00 580 1.00 re
9.00 765.00 580 1.00 re
9.00 764.00 579 1.00 re
9.00 763.00 578 1.00 re
9.00 762.00 577 1.00 re
9.00 761.00 577 1.00 re
9.00 760.00 576 1.00 re
9.00 759.00 575 1.00 re
9.00 758.00 574 1.00 re
9.00 757.00 574 1.00 re
9.00 756.00 573 1.00 re
9.00 755.00 572 1.00 re
9.00 754.00 571 1.00 re
9.00 753.00 570 1.00 re
9.00 752.00 570 1.00 re
9.00 751.00 569 1.00 re
9.00 750.00 568 1.00 re
9.00 749.00 567 1.00 re
9.00 748.00 567 1.00 re
9.00 747.00 566 1.00 re
9.00 746.00 565 1.00 re
9.00 745.00 564 1.00 re
9.00 744.00 564 1.00 re
9.00 743.00 563 1.00 re
9.00 742.00 562 1.00 re
9.00 741.00 561 1.00 re
9.00 740.00 561 1.00 re
9.00 739.00 560 1.00 re
9.00 738.00 559 1.00 re
9.00 737.00 558 1.00 re
9.00 736.00 557 1.00 re
9.00 735.00 557 1.00 re
9.00 734.00 556 1.00 re
9.00 733.00 555 1.00 re
9.00 732.00 554 1.00 re
9.00 731.00 554 1.00 re
9.00 730.00 553 1.00 re
9.00 729.00 552 1.00 re
9.00 728.00 551 1.00 re
9.00 727.00 551 1.00 re
9.00 726.00 550 1.00 re
9.00 725.00 549 1.00 re
9.00 724.00 548 1.00 re
9.00 723.00 547 1.00 re
9.00 722.00 547 1.00 re
9.00 721.00 546 1.00 re
9.00 720.00 545 1.00 re
9.00 719.00 544 1.00 re
9.00 718.00 544 1.00 re
9.00 717.00 543 1.00 re
9.00 716.00 542 1.00 re
9.00 715.00 541 1.00 re
9.00 714.00 541 1.00 re
9.00 713.00 540 1.00 re
9.00 712.00 539 1.00 re
9.00 711.00 538 1.00 re
9.00 710.00 537 1.00 re
9.00 709.00 537 1.00 re
9.00 708.00 536 1.00 re
9.00 707.00 535 1.00 re
9.00 706.00 534 1.00 re
9.00 705.00 534 1.00 re
9.00 704.00 533 1.00 re
9.00 703.00 532 1.00 re
9.00 702.00 531 1.00 re
9.00 701.00 531 1.00 re
9.00 700.00 530 1.00 re
9.00 699.00 529 1.00 re
9.00 698.00 528 1.00 re
9.00 697.00 528 1.00 re
9.00 696.00 527 1.00 re
9.00 695.00 526 1.00 re
9.00 694.00 525 1.00 re
9.00 693.00 524 1.00 re
9.00 692.00 524 1.00 re
9.00 691.00 523 1.00 re
9.00 690.00 522 1.00 re
9.00 689.00 521 1.00 re
9.00 688.00 521 1.00 re
9.00 687.00 520 1.00 re
9.00 686.00 519 1.00 re
9.00 685.00 518 1.00 re
9.00 684.00 518 1.00 re
9.00 683.00 517 1.00 re
9.00 682.00 516 1.00 re
9.00 681.00 515 1.00 re
9.00 680.00 514 1.00 re
9.00 679.00 514 1.00 re
9.00 678.00 513 1.00 re
9.00 677.00 512 1.00 re
9.00 676.00 511 1.00 re
9.00 675.00 511 1.00 re
9.00 674.00 510 1.00 re
9.00 673.00 509 1.00 re
9.00 672.00 508 1.00 re
9.00 671.00 508 1.00 re
9.00 670.00 507 1.00 re
9.00 669.00 506 1.00 re
9.00 668.00 505 1.00 re
9.00 667.00 504 1.00 re
9.00 666.00 504 1.00 re
9.00 665.00 503 1.00 re
9.00 664.00 502 1.00 re
9.00 663.00 501 1.00 re
9.00 662.00 501 1.00 re
9.00 661.00 500 1.00 re
9.00 660.00 499 1.00 re
9.00 659.00 498 1.00 re
9.00 658.00 498 1.00 re
9.00 657.00 497 1.00 re
9.00 656.00 496 1.00 re
9.00 655.00 495 1.00 re
9.00 654.00 495 1.00 re
9.00 653.00 494 1.00 re
9.00 652.00 493 1.00 re
9.00 651.00 492 1.00 re
9.00 650.00 491 1.00 re
9.00 649.00 491 1.00 re
9.00 648.00 490 1.00 re
9.00 647.00 489 1.00 re
9.00 646.00 488 1.00 re
9.00 645.00 488 1.00 re
9.00 644.00 487 1.00 re
9.00 643.00 486 1.00 re
9.00 642.00 485 1.00 re
9.00 641.00 485 1.00 re
9.00 640.00 484 1.00 re
9.00 639.00 483 1.00 re
9.00 638.00 482 1.00 re
9.00 637.00 481 1.00 re
9.00 636.00 481 1.00 re
9.00 635.00 480 1.00 re
9.00 634.00 479 1.00 re
9.00 633.00 478 1.00 re
9.00 632.00 478 1.00 re
9.00 631.00 477 1.00 re
9.00 630.00 476 1.00 re
9.00 629.00 475 1.00 re
9.00 628.00 475 1.00 re
9.00 627.00 474 1.00 re
9.00 626.00 473 1.00 re
9.00 625.00 472 1.00 re
9.00 624.00 471 1.00 re
9.00 623.00 471 1.00 re
9.00 622.00 470 1.00 re
9.00 621.00 469 1.00 re
9.00 620.00 468 1.00 re
9.00 619.00 468 1.00 re
9.00 618.00 467 1.00 re
9.00 617.00 466 1.00 re
9.00 616.00 465 1.00 re
9.00 615.00 465 1.00 re
9.00 614.00 464 1.00 re
9.00 613.00 463 1.00 re
9.00 612.00 462 1.00 re
9.00 611.00 462 1.00 re
9.00 610.00 461 1.00 re
9.00 609.00 460 1.00 re
9.00 608.00 459 1.00 re
9.00 607.00 458 1.00 re
9.00 606.00 458 1.00 re
9.00 605.00 457 1.00 re
9.00 604.00 456 1.00 re
9.00 603.00 455 1.00 re
9.00 602.00 455 1.00 re
9.00 601.00 454 1.00 re
9.00 600.00 453 1.00 re
9.00 599.00 452 1.00 re
9.00 598.00 452 1.00 re
9.00 597.00 451 1.00 re
9.00 596.00 450 1.00 re
9.00 595.00 449 1.00 re
9.00 594.00 448 1.00 re
9.00 593.00 448 1.00 re
9.00 592.00 447 1.00 re
9.00 591.00 446 1.00 re
9.00 590.00 445 1.00 re
9.00 589.00 445 1.00 re
9.00 588.00 444 1.00 re
9.00 587.00 443 1.00 re
9.00 586.00 442 1.00 re
9.00 585.00 442 1.00 re
9.00 584.00 441 1.00 re
9.00 583.00 440 1.00 re
9.00 582.00 439 1.00 re
9.00 581.00 438 1.00 re
9.00 580.00 438 1.00 re
9.00 579.00 437 1.00 re
9.00 578.00 436 1.00 re
9.00 577.00 435 1.00 re
9.00 576.00 435 1.00 re
9.00 575.00 434 1.00 re
9.00 574.00 433 1.00 re
9.00 573.00 432 1.00 re
9.00 572.00 432 1.00 re
9.00 571.00 431 1.00 re
9.00 570.00 430 1.00 re
9.00 569.00 429 1.00 re
9.00 568.00 429 1.00 re
9.00 567.00 428 1.00 re
9.00 566.00 427 1.00 re
9.00 565.00 426 1.00 re
9.00 564.00 425 1.00 re
9.00 563.00 425 1.00 re
9.00 562.00 424 1.00 re
9.00 561.00 423 1.00 re
9.00 560.00 422 1.00 re
9.00 559.00 422 1.00 re
9.00 558.00 421 1.00 re
9.00 557.00 420 1.00 re
9.00 556.00 419 1.00 re
9.00 555.00 419 1.00 re
9.00 554.00 418 1.00 re
9.00 553.00 417 1.00 re
9.00 552.00 416 1.00 re
9.00 551.00 415 1.00 re
9.00 550.00 415 1.00 re
9.00 549.00 414 1.00 re
9.00 548.00 413 1.00 re
9.00 547.00 412 1.00 re
9.00 546.00 412 1.00 re
9.00 545.00 411 1.00 re
9.00 544.00 410 1.00 re
9.00 543.00 409 1.00 re
9.00 542.00 409 1.00 re
9.00 541.00 408 1.00 re
9.00 540.00 407 1.00 re
9.00 539.00 406 1.00 re
9.00 538.00 405 1.00 re
9.00 537.00 405 1.00 re
9.00 536.00 404 1.00 re
9.00 535.00 403 1.00 re
9.00 534.00 402 1.00 re
9.00 533.00 402 1.00 re
9.00 532.00 401 1.00 re
9.00 531.00 400 1.00 re
9.00 530.00 399 1.00 re
9.00 529.00 399 1.00 re
9.00 528.00 398 1.00 re
9.00 527.00 397 1.00 re
9.00 526.00 396 1.00 re
9.00 525.00 396 1.00 re
9.00 524.00 395 1.00 re
9.00 523.00 394 1.00 re
9.00 522.00 393 1.00 re
9.00 521.00 392 1.00 re
9.00 520.00 392 1.00 re
9.00 519.00 391 1.00 re
9.00 518.00 390 1.00 re
9.00 517.00 389 1.00 re
9.00 516.00 389 1.00 re
9.00 515.00 388 1.00 re
9.00 514.00 387 1.00 re
9.00 513.00 386 1.00 re
9.00 512.00 386 1.00 re
9.00 511.00 385 1.00 re
9.00 510.00 384 1.00 re
9.00 509.00 383 1.00 re
9.00 508.00 382 1.00 re
9.00 507.00 382 1.00 re
9.00 506.00 381 1.00 re
9.00 505.00 380 1.00 re
9.00 504.00 379 1.00 re
9.00 503.00 379 1.00 re
9.00 502.00 378 1.00 re
9.00 501.00 377 1.00 re
9.00 500.00 376 1.00 re
9.00 499.00 376 1.00 re
9.00 498.00 375 1.00 re
9.00 497.00 374 1.00 re
9.00 496.00 373 1.00 re
9.00 495.00 372 1.00 re
9.00 494.00 372 1.00 re
9.00 493.00 371 1.00 re
9.00 492.00 370 1.00 re
9.00 491.00 369 1.00 re
9.00 490.00 369 1.00 re
9.00 489.00 368 1.00 re
9.00 488.00 367 1.00 re
9.00 487.00 366 1.00 re
9.00 486.00 366 1.00 re
9.00 485.00 365 1.00 re
9.00 484.00 364 1.00 re
9.00 483.00 363 1.00 re
9.00 482.00 363 1.00 re
9.00 481.00 362 1.00 re
9.00 480.00 361 1.00 re
9.00 479.00 360 1.00 re
9.00 478.00 359 1.00 re
9.00 477.00 359 1.00 re
9.00 476.00 358 1.00 re
9.00 475.00 357 1.00 re
9.00 474.00 356 1.00 re
9.00 473.00 356 1.00 re
9.00 472.00 355 1.00 re
9.00 471.00 354 1.00 re
9.00 470.00 353 1.00 re
9.00 469.00 353 1.00 re
9.00 468.00 352 1.00 re
9.00 467.00 351 1.00 re
9.00 466.00 350 1.00 re
9.00 465.00 349 1.00 re
9.00 464.00 349 1.00 re
9.00 463.00 348 1.00 re
9.00 462.00 347 1.00 re
9.00 461.00 346 1.00 re
9.00 460.00 346 1.00 re
9.00 459.00 345 1.00 re
9.00 458.00 344 1.00 re
9.00 457.00 343 1.00 re
9.00 456.00 343 1.00 re
9.00 455.00 342 1.00 re
9.00 454.00 341 1.00 re
9.00 453.00 340 1.00 re
9.00 452.00 339 1.00 re
9.00 451.00 339 1.00 re
9.00 450.00 338 1.00 re
9.00 449.00 337 1.00 re
9.00 448.00 336 1.00 re
9.00 447.00 336 1.00 re
9.00 446.00 335 1.00 re
9.00 445.00 334 1.00 re
9.00 444.00 333 1.00 re
9.00 443.00 333 1.00 re
9.00 442.00 332 1.00 re
9.00 441.00 331 1.00 re
9.00 440.00 330 1.00 re
9.00 439.00 330 1.00 re
9.00 438.00 329 1.00 re
9.00 437.00 328 1.00 re
9.00 436.00 327 1.00 re
9.00 435.00 326 1.00 re
9.00 434.00 326 1.00 re
9.00 433.00 325 1.00 re
9.00 432.00 324 1.00 re
9.00 431.00 323 1.00 re
9.00 430.00 323 1.00 re
9.00 429.00 322 1.00 re
9.00 428.00 321 1.00 re
9.00 427.00 320 1.00 re
9.00 426.00 320 1.00 re
9.00 425.00 319 1.00 re
9.00 424.00 318 1.00 re
9.00 423.00 317 1.00 re
9.00 422.00 316 1.00 re
9.00 421.00 316 1.00 re
9.00 420.00 315 1.00 re
9.00 419.00 314 1.00 re
9.00 418.00 313 1.00 re
9.00 417.00 313 1.00 re
9.00 416.00 312 1.00 re
9.00 415.00 311 1.00 re
9.00 414.00 310 1.00 re
9.00 413.00 310 1.00 re
9.00 412.00 309 1.00 re
9.00 411.00 308 1.00 re
9.00 410.00 307 1.00 re
9.00 409.00 306 1.00 re
9.00 408.00 306 1.00 re
9.00 407.00 305 1.00 re
9.00 406.00 304 1.00 re
9.00 405.00 303 1.00 re
9.00 404.00 303 1.00 re
9.00 403.00 302 1.00 re
9.00 402.00 301 1.00 re
9.00 401.00 300 1.00 re
9.00 400.00 300 1.00 re
9.00 399.00 299 1.00 re
9.00 398.00 298 1.00 re
9.00 397.00 297 1.00 re
9.00 396.00 297 1.00 re
9.00 395.00 296 1.00 re
9.00 394.00 295 1.00 re
9.00 393.00 294 1.00 re
9.00 392.00 293 1.00 re
9.00 391.00 293 1.00 re
9.00 390.00 292 1.00 re
9.00 389.00 291 1.00 re
9.00 388.00 290 1.00 re
9.00 387.00 290 1.00 re
9.00 386.00 289 1.00 re
9.00 385.00 288 1.00 re
9.00 384.00 287 1.00 re
9.00 383.00 287 1.00 re
9.00 382.00 286 1.00 re
9.00 381.00 285 1.00 re
9.00 380.00 284 1.00 re
9.00 379.00 283 1.00 re
9.00 378.00 283 1.00 re
9.00 377.00 282 1.00 re
9.00 376.00 281 1.00 re
9.00 375.00 280 1.00 re
9.00 374.00 280 1.00 re
9.00 373.00 279 1.00 re
9.00 372.00 278 1.00 re
9.00 371.00 277 1.00 re
9.00 370.00 277 1.00 re
9.00 369.00 276 1.00 re
9.00 368.00 275 1.00 re
9.00 367.00 274 1.00 re
9.00 366.00 273 1.00 re
9.00 365.00 273 1.00 re
9.00 364.00 272 1.00 re
9.00 363.00 271 1.00 re
9.00 362.00 270 1.00 re
9.00 361.00 270 1.00 re
9.00 360.00 269 1.00 re
9.00 359.00 268 1.00 re
9.00 358.00 267 1.00 re
9.00 357.00 267 1.00 re
9.00 356.00 266 1.00 re
9.00 355.00 265 1.00 re
9.00 354.00 264 1.00 re
9.00 353.00 264 1.00 re
9.00 352.00 263 1.00 re
9.00 351.00 262 1.00 re
9.00 350.00 261 1.00 re
9.00 349.00 260 1.00 re
9.00 348.00 260 1.00 re
9.00 347.00 259 1.00 re
9.00 346.00 258 1.00 re
9.00 345.00 257 1.00 re
9.00 344.00 257 1.00 re
9.00 343.00 256 1.00 re
9.00 342.00 255 1.00 re
9.00 341.00 254 1.00 re
9.00 340.00 254 1.00 re
9.00 339.00 253 1.00 re
9.00 338.00 252 1.00 re
9.00 337.00 251 1.00 re
9.00 336.00 250 1.00 re
9.00 335.00 250 1.00 re
9.00 334.00 249 1.00 re
9.00 333.00 248 1.00 re
9.00 332.00 247 1.00 re
9.00 331.00 247 1.00 re
9.00 330.00 246 1.00 re
9.00 329.00 245 1.00 re
9.00 328.00 244 1.00 re
9.00 327.00 244 1.00 re
9.00 326.00 243 1.00 re
9.00 325.00 242 1.00 re
9.00 324.00 241 1.00 re
9.00 323.00 240 1.00 re
9.00 322.00 240 1.00 re
9.00 321.00 239 1.00 re
9.00 320.00 238 1.00 re
9.00 319.00 237 1.00 re
9.00 318.00 237 1.00 re
9.00 317.00 236 1.00 re
9.00 316.00 235 1.00 re
9.00 315.00 234 1.00 re
9.00 314.00 234 1.00 re
9.00 313.00 233 1.00 re
9.00 312.00 232 1.00 re
9.00 311.00 231 1.00 re
9.00 310.00 231 1.00 re
9.00 309.00 230 1.00 re
9.00 308.00 229 1.00 re
9.00 307.00 228 1.00 re
9.00 306.00 227 1.00 re
9.00 305.00 227 1.00 re
9.00 304.00 226 1.00 re
9.00 303.00 225 1.00 re
9.00 302.00 224 1.00 re
9.00 301.00 224 1.00 re
9.00 300.00 223 1.00 re
9.00 299.00 222 1.00 re
9.00 298.00 221 1.00 re
9.00 297.00 221 1.00 re
9.00 296.00 220 1.00 re
9.00 295.00 219 1.00 re
9.00 294.00 218 1.00 re
9.00 293.00 217 1.00 re
9.00 292.00 217 1.00 re
9.00 291.00 216 1.00 re
9.00 290.00 215 1.00 re
9.00 289.00 214 1.00 re
9.00 288.00 214 1.00 re
9.00 287.00 213 1.00 re
9.00 286.00 212 1.00 re
9.00 285.00 211 1.00 re
9.00 284.00 211 1.00 re
9.00 283.00 210 1.00 re
9.00 282.00 209 1.00 re
9.00 281.00 208 1.00 re
9.00 280.00 207 1.00 re
9.00 279.00 207 1.00 re
9.00 278.00 206 1.00 re
9.00 277.00 205 1.00 re
9.00 276.00 204 1.00 re
9.00 275.00 204 1.00 re
9.00 274.00 203 1.00 re
9.00 273.00 202 1.00 re
9.00 272.00 201 1.00 re
9.00 271.00 201 1.00 re
9.00 270.00 200 1.00 re
9.00 269.00 199 1.00 re
9.00 268.00 198 1.00 re
9.00 267.00 198 1.00 re
9.00 266.00 197 1.00 re
9.00 265.00 196 1.00 re
9.00 264.00 195 1.00 re
9.00 263.00 194 1.00 re
9.00 262.00 194 1.00 re
9.00 261.00 193 1.00 re
9.00 260.00 192 1.00 re
9.00 259.00 191 1.00 re
9.00 258.00 191 1.00 re
9.00 257.00 190 1.00 re
9.00 256.00 189 1.00 re
9.00 255.00 188 1.00 re
9.00 254.00 188 1.00 re
9.00 253.00 187 1.00 re
9.00 252.00 186 1.00 re
9.00 251.00 185 1.00 re
9.00 250.00 184 1.00 re
9.00 249.00 184 1.00 re
9.00 248.00 183 1.00 re
9.00 247.00 182 1.00 re
9.00 246.00 181 1.00 re
9.00 245.00 181 1.00 re
9.00 244.00 180 1.00 re
9.00 243.00 179 1.00 re
9.00 242.00 178 1.00 re
9.00 241.00 178 1.00 re
9.00 240.00 177 1.00 re
9.00 239.00 176 1.00 re
9.00 238.00 175 1.00 re
9.00 237.00 174 1.00 re
9.00 236.00 174 1.00 re
9.00 235.00 173 1.00 re
9.00 234.00 172 1.00 re
9.00 233.00 171 1.00 re
9.00 232.00 171 1.00 re
9.00 231.00 170 1.00 re
9.00 230.00 169 1.00 re
9.00 229.00 168 1.00 re
9.00 228.00 168 1.00 re
9.00 227.00 167 1.00 re
9.00 226.00 166 1.00 re
9.00 225.00 165 1.00 re
9.00 224.00 165 1.00 re
9.00 223.00 164 1.00 re
9.00 222.00 163 1.00 re
9.00 221.00 162 1.00 re
9.00 220.00 161 1.00 re
9.00 219.00 161 1.00 re
9.00 218.00 160 1.00 re
9.00 217.00 159 1.00 re
9.00 216.00 158 1.00 re
9.00 215.00 158 1.00 re
9.00 214.00 157 1.00 re
9.00 213.00 156 1.00 re
9.00 212.00 155 1.00 re
9.00 211.00 155 1.00 re
9.00 210.00 154 1.00 re
9.00 209.00 153 1.00 re
9.00 208.00 152 1.00 re
9.00 207.00 151 1.00 re
9.00 206.00 151 1.00 re
9.00 205.00 150 1.00 re
9.00 204.00 149 1.00 re
9.00 203.00 148 1.00 re
9.00 202.00 148 1.00 re
9.00 201.00 147 1.00 re
9.00 200.00 146 1.00 re
9.00 199.00 145 1.00 re
9.00 198.00 145 1.00 re
9.00 197.00 144 1.00 re
9.00 196.00 143 1.00 re
9.00 195.00 142 1.00 re
9.00 194.00 142 1.00 re
9.00 193.00 141 1.00 re
9.00 192.00 140 1.00 re
9.00 191.00 139 1.00 re
9.00 190.00 138 1.00 re
9.00 189.00 138 1.00 re
9.00 188.00 137 1.00 re
9.00 187.00 136 1.00 re
9.00 186.00 135 1.00 re
9.00 185.00 135 1.00 re
9.00 184.00 134 1.00 re
9.00 183.00 133 1.00 re
9.00 182.00 132 1.00 re
9.00 181.00 132 1.00 re
9.00 180.00 131 1.00 re
9.00 179.00 130 1.00 re
9.00 178.00 129 1.00 re
9.00 177.00 128 1.00 re
9.00 176.00 128 1.00 re
9.00 175.00 127 1.00 re
9.00 174.00 126 1.00 re
9.00 173.00 125 1.00 re
9.00 172.00 125 1.00 re
9.00 171.00 124 1.00 re
9.00 170.00 123 1.00 re
9.00 169.00 122 1.00 re
9.00 168.00 122 1.00 re
9.00 167.00 121 1.00 re
9.00 166.00 120 1.00 re
9.00 165.00 119 1.00 re
9.00 164.00 118 1.00 re
9.00 163.00 118 1.00 re
9.00 162.00 117 1.00 re
9.00 161.00 116 1.00 re
9.00 160.00 115 1.00 re
9.00 159.00 115 1.00 re
9.00 158.00 114 1.00 re
9.00 157.00 113 1.00 re
9.00 156.00 112 1.00 re
9.00 155.00 112 1.00 re
9.00 154.00 111 1.00 re
9.00 153.00 110 1.00 re
9.00 152.00 109 1.00 re
9.00 151.00 109 1.00 re
9.00 150.00 108 1.00 re
9.00 149.00 107 1.00 re
9.00 148.00 106 1.00 re
9.00 147.00 105 1.00 re
9.00 146.00 105 1.00 re
9.00 145.00 104 1.00 re
9.00 144.00 103 1.00 re
9.00 143.00 102 1.00 re
9.00 142.00 102 1.00 re
9.00 141.00 101 1.00 re
9.00 140.00 100 1.00 re
9.00 139.00 99 1.00 re
9.00 138.00 99 1.00 re
9.00 137.00 98 1.00 re
9.00 136.00 97 1.00 re
9.00 135.00 96 1.00 re
9.00 134.00 95 1.00 re
9.00 133.00 95 1.00 re
9.00 132.00 94 1.00 re
9.00 131.00 93 1.00 re
9.00 130.00 92 1.00 re
9.00 129.00 92 1.00 re
9.00 128.00 91 1.00 re
9.00 127.00 90 1.00 re
9.00 126.00 89 1.00 re
9.00 125.00 89 1.00 re
9.00 124.00 88 1.00 re
9.00 123.00 87 1.00 re
9.00 122.00 86 1.00 re
9.00 121.00 85 1.00 re
9.00 120.00 85 1.00 re
9.00 119.00 84 1.00 re
9.00 118.00 83 1.00 re
9.00 117.00 82 1.00 re
9.00 116.00 82 1.00 re
9.00 115.00 81 1.00 re
9.00 114.00 80 1.00 re
9.00 113.00 79 1.00 re
9.00 112.00 79 1.00 re
9.00 111.00 78 1.00 re
9.00 110.00 77 1.00 re
9.00 109.00 76 1.00 re
9.00 108.00 76 1.00 re
9.00 107.00 75 1.00 re
9.00 106.00 74 1.00 re
9.00 105.00 73 1.00 re
9.00 104.00 72 1.00 re
9.00 103.00 72 1.00 re
9.00 102.00 71 1.00 re
9.00 101.00 70 1.00 re
9.00 100.00 69 1.00 re
9.00 99.00 69 1.00 re
9.00 98.00 68 1.00 re
9.00 97.00 67 1.00 re
9.00 96.00 66 1.00 re
9.00 95.00 66 1.00 re
9.00 94.00 65 1.00 re
9.00 93.00 64 1.00 re
9.00 92.00 63 1.00 re
9.00 91.00 62 1.00 re
9.00 90.00 62 1.00 re
9.00 89.00 61 1.00 re
9.00 88.00 60 1.00 re
9.00 87.00 59 1.00 re
9.00 86.00 59 1.00 re
9.00 85.00 58 1.00 re
9.00 84.00 57 1.00 re
9.00 83.00 56 1.00 re
9.00 82.00 56 1.00 re
9.00 81.00 55 1.00 re
9.00 80.00 54 1.00 re
9.00 79.00 53 1.00 re
9.00 78.00 52 1.00 re
9.00 77.00 52 1.00 re
9.00 76.00 51 1.00 re
9.00 75.00 50 1.00 re
9.00 74.00 49 1.00 re
9.00 73.00 49 1.00 re
9.00 72.00 48 1.00 re
9.00 71.00 47 1.00 re
9.00 70.00 46 1.00 re
9.00 69.00 46 1.00 re
9.00 68.00 45 1.00 re
9.00 67.00 44 1.00 re
9.00 66.00 43 1.00 re
9.00 65.00 43 1.00 re
9.00 64.00 42 1.00 re
9.00 63.00 41 1.00 re
9.00 62.00 40 1.00 re
9.00 61.00 39 1.00 re
9.00 60.00 39 1.00 re
9.00 59.00 38 1.00 re
9.00 58.00 37 1.00 re
9.00 57.00 36 1.00 re
9.00 56.00 36 1.00 re
9.00 55.00 35 1.00 re
9.00 54.00 34 1.00 re
9.00 53.00 33 1.00 re
9.00 52.00 33 1.00 re
9.00 51.00 32 1.00 re
9.00 50.00 31 1.00 re
9.00 49.00 30 1.00 re
9.00 48.00 29 1.00 re
9.00 47.00 29 1.00 re
9.00 46.00 28 1.00 re
9.00 45.00 27 1.00 re
9.00 44.00 26 1.00 re
9.00 43.00 26 1.00 re
9.00 42.00 25 1.00 re
9.00 41.00 24 1.00 re
9.00 40.00 23 1.00 re
9.00 39.00 23 1.00 re
9.00 38.00 22 1.00 re
9.00 37.00 21 1.00 re
9.00 36.00 20 1.00 re
9.00 35.00 19 1.00 re
9.00 34.00 19 1.00 re
9.00 33.00 18 1.00 re
9.00 32.00 17 1.00 re
9.00 31.00 16 1.00 re
9.00 30.00 16 1.00 re
9.00 29.00 15 1.00 re
9.00 28.00 14 1.00 re
9.00 27.00 13 1.00 re
9.00 26.00 13 1.00 re
9.00 25.00 12 1.00 re
9.00 24.00 11 1.00 re
9.00 23.00 10 1.00 re
9.00 22.00 10 1.00 re
9.00 21.00 9 1.00 re
9.00 20.00 8 1.00 re
9.00 19.00 7 1.00 re
9.00 18.00 6 1.00 re
9.00 17.00 6 1.00 re
9.00 16.00 5 1.00 re
9.00 15.00 4 1.00 re
9.00 14.00 3 1.00 re
9.00 13.00 3 1.00 re
9.00 12.00 2 1.00 re
9.00 11.00 1 1.00 re
f
Q

