q
1.0 1.0 0.98 rg
9 783.00 594 1 re
9 758.00 594 1 re
9 733.00 594 1 re
251 708.00 100 1 re
9 683.00 594 1 re
251 658.00 100 1 re
9 633.00 594 1 re
9 608.00 594 1 re
9 583.00 594 1 re
251 558.00 100 1 re
251 533.00 100 1 re
251 508.00 100 1 re
9 483.00 594 1 re
251 458.00 100 1 re
251 433.00 100 1 re
9 408.00 594 1 re
251 383.00 100 1 re
251 358.00 100 1 re
9 333.00 594 1 re
9 308.00 594 1 re
251 283.00 100 1 re
9 258.00 594 1 re
9 233.00 594 1 re
251 208.00 100 1 re
9 183.00 594 1 re
251 158.00 100 1 re
9 133.00 594 1 re
251 108.00 100 1 re
9 83.00 594 1 re
251 58.00 100 1 re
9 33.00 594 1 re
9 8.00 594 1 re
9 -17.00 594 1 re
251 -42.00 100 1 re
9 -67.00 594 1 re
251 -92.00 100 1 re
f
Q

